ISS (ZARYA)
1 25544U 98067A   24067.54791435  .00016717  00000+0  10270-3 0  9993
2 25544  51.6436  21.4977 0007417  69.6797  42.8652 15.49815384435014

HUBBLE SPACE TELESCOPE
1 20580U 90037B   24066.91065741  .00000518  00000+0  19991-4 0  9993
2 20580  28.4694  84.0643 0002957  52.3874 307.7426 15.09265245431464

NOAA 15
1 25338U 98030A   24067.45067824  .00000073  00000+0  74252-4 0  9996
2 25338  98.7422  55.6210 0011711 126.1983 234.0272 14.25902747345218

TERRA
1 25994U 99068A   24067.19215278  .00000083  00000+0  37571-4 0  9995
2 25994  98.2082  74.8354 0001432  88.3395 271.7923 14.57110760345678

AQUA
1 27424U 02022A   24067.22262963  .00000092  00000+0  40000-4 0  9992
2 27424  98.1977  75.1432 0001415  90.1234 269.9876 14.57109876543210